-0.5
-0.49
-0.48
-0.47
-0.45999999999999996
-0.44999999999999996
-0.43999999999999995
-0.42999999999999994
-0.42000000000000004
-0.41000000000000003
-0.4
-0.39
-0.38
-0.37
-0.36
-0.35
-0.33999999999999997
-0.32999999999999996
-0.32000000000000006
-0.31000000000000005
-0.30000000000000004
-0.29000000000000004
-0.28
-0.27
-0.26
-0.25
-0.24
-0.22999999999999998
-0.21999999999999997
-0.21
-0.19999999999999998
-0.18999999999999997
-0.17999999999999997
-0.16999999999999996
-0.15999999999999995
-0.15000000000000002
-0.14
-0.13
-0.12
-0.10999999999999999
-0.09999999999999998
-0.09000000000000005
-0.08000000000000004
-0.07000000000000003
-0.060000000000000026
-0.05000000000000002
-0.04000000000000001
-0.030000000000000027
-0.020000000000000018
-0.010000000000000009
0.0
0.010000000000000009
0.020000000000000018
0.030000000000000027
0.040000000000000036
0.050000000000000044
0.06000000000000005
0.06999999999999995
0.07999999999999996
0.08999999999999997
0.09999999999999998
0.10999999999999999
0.12
0.13
0.14
0.15000000000000002
0.16000000000000003
0.17000000000000004
0.18000000000000005
0.18999999999999995
0.19999999999999996
0.20999999999999996
0.21999999999999997
0.22999999999999998
0.24
0.25
0.26
0.27
0.28
0.29000000000000004
0.30000000000000004
0.31000000000000005
0.31999999999999995
0.32999999999999996
0.33999999999999997
0.35
0.36
0.37
0.38
0.39
0.4
0.41000000000000003
0.42000000000000004
0.43000000000000005
0.43999999999999995
0.44999999999999996
0.45999999999999996
0.47
0.48
0.49
0.5
